sample Nr - Plot 0	Spannung / V - Plot 0
7916	0,262756
7917	0,262498
7918	0,262031
7919	0,262289
7920	0,261822
7921	0,262047
7922	0,261757
7923	0,262257
7924	0,262418
7925	0,262079
7926	0,26274
7927	0,262514
7928	0,262885
7929	0,261886
7930	0,262144
7931	0,262192
7932	0,262692
7933	0,26303
7934	0,262949
7935	0,263465
7936	0,263787
7937	0,263545
7938	0,263899
7939	0,263996
7940	0,263658
7941	0,263755
7942	0,263593
7943	0,264093
7944	0,264367
7945	0,264834
7946	0,264028
7947	0,265107
7948	0,265156
7949	0,264367
7950	0,264946
7951	0,264656
7952	0,264189
7953	0,264576
7954	0,264173
7955	0,264705
7956	0,264801
7957	0,263899
7958	0,264463
7959	0,263916
7960	0,263787
7961	0,263384
7962	0,262981
7963	0,263465
7964	0,262933
7965	0,263239
7966	0,262965
7967	0,262192
7968	0,261822
7969	0,262192
7970	0,262208
7971	0,261902
7972	0,261838
7973	0,261355
7974	0,261322
7975	0,261467
7976	0,261097
7977	0,261258
7978	0,260855
7979	0,261
7980	0,260936
7981	0,261435
7982	0,261371
7983	0,2615
7984	0,261918
7985	0,261999
7986	0,262079
7987	0,262079
7988	0,261951
7989	0,261918
7990	0,262514
7991	0,262981
7992	0,263014
7993	0,263142
7994	0,263255
7995	0,263626
7996	0,263577
7997	0,263706
7998	0,264093
7999	0,26398
8000	0,265075
8001	0,264544
8002	0,264431
8003	0,264785
8004	0,264479
8005	0,264834
8006	0,264608
8007	0,264753
8008	0,264705
8009	0,26464
8010	0,265494
8011	0,264592
8012	0,265059
8013	0,264769
8014	0,264173
8015	0,264109
8016	0,263432
8017	0,263851
8018	0,263416
8019	0,263287
8020	0,263239
8021	0,262514
8022	0,263239
8023	0,262772
8024	0,261628
8025	0,261403
8026	0,261194
8027	0,261773
8028	0,261548
8029	0,261435
8030	0,261161
8031	0,261194
8032	0,261016
8033	0,261097
8034	0,260807
8035	0,260855
8036	0,260533
8037	0,260968
8038	0,261226
8039	0,260501
8040	0,261081
8041	0,261741
8042	0,261741
8043	0,26158
8044	0,261951
8045	0,262257
8046	0,262112
8047	0,262595
8048	0,262788
8049	0,263159
8050	0,263513
8051	0,26369
8052	0,263465
8053	0,264044
8054	0,26464
8055	0,264463
8056	0,265446
8057	0,265027
8058	0,265365
8059	0,265655
8060	0,265059
8061	0,265752
8062	0,265059
8063	0,265333
8064	0,265462
8065	0,265269
8066	0,264801
8067	0,265075
8068	0,26464
8069	0,264866
8070	0,26435
8071	0,26456
8072	0,263948
8073	0,263545
8074	0,263239
8075	0,262788
8076	0,263126
8077	0,262337
8078	0,262466
8079	0,262176
8080	0,261564
8081	0,261258
8082	0,260855
8083	0,26063
8084	0,260066
8085	0,260517
8086	0,260388
8087	0,260308
8088	0,260098
8089	0,26005
8090	0,259921
8091	0,259792
8092	0,260533
8093	0,260082
8094	0,260469
8095	0,260227
8096	0,261467
8097	0,261
8098	0,261725
8099	0,261983
8100	0,261741
8101	0,262257
8102	0,262885
8103	0,263255
8104	0,263239
8105	0,263819
8106	0,264367
8107	0,26464
8108	0,264818
8109	0,264721
8110	0,264592
8111	0,265397
8112	0,265687
8113	0,265784
8114	0,265816
8115	0,265703
8116	0,265977
8117	0,265929
8118	0,26514
8119	0,265365
8120	0,265075
8121	0,265575
8122	0,26456
8123	0,26493
8124	0,264705
8125	0,263771
8126	0,26398
8127	0,262965
8128	0,262772
8129	0,262498
8130	0,262257
8131	0,262192
8132	0,261661
8133	0,261967
8134	0,260904
8135	0,260421
8136	0,259953
8137	0,26034
8138	0,25968
8139	0,259374
8140	0,259873
8141	0,259647
8142	0,259776
8143	0,260324
8144	0,259712
8145	0,25939
8146	0,25968
8147	0,259406
8148	0,260066
8149	0,260324
8150	0,260871
8151	0,260743
8152	0,26121
8153	0,261935
8154	0,262096
8155	0,262853
8156	0,26311
8157	0,263239
8158	0,264383
8159	0,263755
8160	0,264576
8161	0,264914
8162	0,2658
8163	0,265623
8164	0,265591
8165	0,266106
8166	0,266042
8167	0,265993
8168	0,265913
8169	0,266412
8170	0,267169
8171	0,265913
8172	0,266235
8173	0,26609
8174	0,265381
8175	0,265397
8176	0,265156
8177	0,264689
8178	0,264077
8179	0,263899
8180	0,264206
8181	0,262981
8182	0,262385
8183	0,262305
8184	0,261918
8185	0,261886
8186	0,261161
8187	0,260485
8188	0,260179
8189	0,260034
8190	0,260388
8191	0,259084
8192	0,259712
8193	0,259132
8194	0,259035
8195	0,259454
8196	0,259196
8197	0,259019
8198	0,258906
8199	0,259229
8200	0,260179
8201	0,259599
8202	0,26005
8203	0,260501
8204	0,260791
8205	0,260952
8206	0,261999
8207	0,262079
8208	0,263046
8209	0,26282
8210	0,264206
8211	0,263642
8212	0,264673
8213	0,264689
8214	0,265381
8215	0,265365
8216	0,266348
8217	0,266493
8218	0,266348
8219	0,266605
8220	0,266122
8221	0,266042
8222	0,266138
8223	0,266509
8224	0,266605
8225	0,266557
8226	0,266074
8227	0,266348
8228	0,26551
8229	0,264753
8230	0,264141
8231	0,263513
8232	0,263755
8233	0,263368
8234	0,26245
8235	0,261806
8236	0,262063
8237	0,261838
8238	0,260501
8239	0,260163
8240	0,260034
8241	0,259019
8242	0,258923
8243	0,2591
8244	0,259164
8245	0,258359
8246	0,258568
8247	0,258971
8248	0,258407
8249	0,258504
8250	0,258456
8251	0,258391
8252	0,258794
8253	0,259374
8254	0,259696
8255	0,260437
8256	0,260308
8257	0,260646
8258	0,261661
8259	0,261935
8260	0,262514
8261	0,26253
8262	0,26361
8263	0,264093
8264	0,265188
8265	0,264721
8266	0,265816
8267	0,265365
8268	0,265881
8269	0,266477
8270	0,26609
8271	0,266895
8272	0,267234
8273	0,266783
8274	0,267185
8275	0,266638
8276	0,266509
8277	0,266348
8278	0,266251
8279	0,265816
8280	0,265655
8281	0,265446
8282	0,264479
8283	0,264254
8284	0,263996
8285	0,262772
8286	0,262353
8287	0,26216
8288	0,261
8289	0,261065
8290	0,260195
8291	0,259986
8292	0,25918
8293	0,259422
8294	0,258858
8295	0,258456
8296	0,258037
8297	0,258005
8298	0,257682
8299	0,258069
8300	0,257747
8301	0,258311
8302	0,258053
8303	0,258182
8304	0,259196
8305	0,259599
8306	0,259905
8307	0,260066
8308	0,260968
8309	0,261548
8310	0,261596
8311	0,263191
8312	0,263094
8313	0,263223
8314	0,263432
8315	0,264431
8316	0,26456
8317	0,265478
8318	0,266042
8319	0,26609
8320	0,266654
8321	0,267346
8322	0,267507
8323	0,267572
8324	0,267298
8325	0,26696
8326	0,266573
8327	0,26704
8328	0,266831
8329	0,26646
8330	0,266332
8331	0,266154
8332	0,264769
8333	0,264753
8334	0,264141
8335	0,263239
8336	0,262917
8337	0,262224
8338	0,262079
8339	0,261258
8340	0,260565
8341	0,259921
8342	0,259937
8343	0,259051
8344	0,258745
8345	0,258778
8346	0,25794
8347	0,257618
8348	0,258423
8349	0,257666
8350	0,257699
8351	0,257489
8352	0,257344
8353	0,258117
8354	0,258617
8355	0,25881
8356	0,25918
8357	0,259406
8358	0,260356
8359	0,260694
8360	0,261451
8361	0,261467
8362	0,262096
8363	0,263481
8364	0,263755
8365	0,264415
8366	0,265252
8367	0,265397
8368	0,266654
8369	0,266605
8370	0,266605
8371	0,266686
8372	0,266976
8373	0,267668
8374	0,268168
8375	0,26762
8376	0,267475
8377	0,267282
8378	0,266831
8379	0,266944
8380	0,266299
8381	0,26638
8382	0,265864
8383	0,26543
8384	0,264012
8385	0,264141
8386	0,263094
8387	0,262772
8388	0,261999
8389	0,260759
8390	0,260823
8391	0,259873
8392	0,259341
8393	0,259261
8394	0,258294
8395	0,2586
8396	0,258085
8397	0,257699
8398	0,25757
8399	0,257151
8400	0,257328
8401	0,25728
8402	0,257731
8403	0,257312
8404	0,258085
8405	0,259132
8406	0,259519
8407	0,259535
8408	0,259551
8409	0,259808
8410	0,260791
8411	0,261806
8412	0,262434
8413	0,263014
8414	0,263416
8415	0,264834
8416	0,26485
8417	0,265494
8418	0,26609
8419	0,265816
8420	0,266766
8421	0,26696
8422	0,267298
8423	0,267395
8424	0,267749
8425	0,267411
8426	0,267185
8427	0,266621
8428	0,266718
8429	0,266428
8430	0,266106
8431	0,266058
8432	0,26551
8433	0,264721
8434	0,263996
8435	0,263706
8436	0,262643
8437	0,262337
8438	0,26121
8439	0,261129
8440	0,260243
8441	0,259374
8442	0,259374
8443	0,2586
8444	0,25823
8445	0,257409
8446	0,256829
8447	0,256877
8448	0,256635
8449	0,257699
8450	0,257231
8451	0,25736
8452	0,257554
8453	0,25736
8454	0,25765
8455	0,258117
8456	0,258568
8457	0,25947
8458	0,259744
8459	0,261387
8460	0,261226
8461	0,261741
8462	0,262498
8463	0,262675
8464	0,264125
8465	0,264206
8466	0,264834
8467	0,265397
8468	0,265736
8469	0,266831
8470	0,266815
8471	0,267378
8472	0,267024
8473	0,26733
8474	0,267056
8475	0,267491
8476	0,267008
8477	0,26704
8478	0,266766
8479	0,266928
8480	0,265816
8481	0,265558
8482	0,264576
8483	0,263819
8484	0,263287
8485	0,262627
8486	0,262756
8487	0,261548
8488	0,260936
8489	0,260533
8490	0,259696
8491	0,259213
8492	0,258407
8493	0,258214
8494	0,258005
8495	0,257312
8496	0,25757
8497	0,256909
8498	0,257086
8499	0,25765
8500	0,257248
8501	0,256909
8502	0,257827
8503	0,258149
8504	0,258375
8505	0,259051
8506	0,259615
8507	0,260565
8508	0,260598
8509	0,261387
8510	0,26179
8511	0,262804
8512	0,26369
8513	0,264383
8514	0,264866
8515	0,26514
8516	0,26609
8517	0,266734
8518	0,266702
8519	0,266847
8520	0,267169
8521	0,267717
8522	0,26762
8523	0,267604
8524	0,267765
8525	0,267395
8526	0,267781
8527	0,266638
8528	0,26638
8529	0,265784
8530	0,26493
8531	0,265462
8532	0,264093
8533	0,264222
8534	0,262659
8535	0,262724
8536	0,262418
8537	0,260904
8538	0,260002
8539	0,259164
8540	0,259164
8541	0,258504
8542	0,258069
8543	0,258053
8544	0,257296
8545	0,257006
8546	0,257312
8547	0,257231
8548	0,25728
8549	0,257537
8550	0,257666
8551	0,257731
8552	0,258311
8553	0,259132
8554	0,260163
8555	0,259663
8556	0,260034
8557	0,261355
8558	0,262176
8559	0,262514
8560	0,263384
8561	0,263481
8562	0,264028
8563	0,265414
8564	0,265349
8565	0,266493
8566	0,266267
8567	0,266976
8568	0,267749
8569	0,267443
8570	0,267846
8571	0,267588
8572	0,268071
8573	0,268297
8574	0,26733
8575	0,266879
8576	0,266766
8577	0,266267
8578	0,265768
8579	0,265188
8580	0,264608
8581	0,263803
8582	0,263432
8583	0,262692
8584	0,261951
8585	0,261548
8586	0,260807
8587	0,260227
8588	0,259583
8589	0,258359
8590	0,258778
8591	0,257972
8592	0,257699
8593	0,256942
8594	0,257038
8595	0,257376
8596	0,257167
8597	0,257715
8598	0,257602
8599	0,258133
8600	0,258745
8601	0,258649
8602	0,259084
8603	0,259535
8604	0,259196
8605	0,260517
8606	0,261403
8607	0,262063
8608	0,263078
8609	0,263465
8610	0,26493
8611	0,264834
8612	0,265687
8613	0,265558
8614	0,2658
8615	0,266815
8616	0,267137
8617	0,266863
8618	0,267378
8619	0,267105
8620	0,267491
8621	0,267105
8622	0,266734
8623	0,266573
8624	0,266654
8625	0,266074
8626	0,265414
8627	0,265269
8628	0,264399
8629	0,264222
8630	0,263191
8631	0,262321
8632	0,261725
8633	0,2615
8634	0,260791
8635	0,260501
8636	0,259905
8637	0,25968
8638	0,258745
8639	0,258456
8640	0,258117
8641	0,257376
8642	0,257892
8643	0,257425
8644	0,258037
8645	0,258166
8646	0,258101
8647	0,258278
8648	0,258874
8649	0,259567
8650	0,259631
8651	0,259454
8652	0,260404
8653	0,261081
8654	0,262434
8655	0,262595
8656	0,263271
8657	0,263916
8658	0,264061
8659	0,264882
8660	0,264753
8661	0,265172
8662	0,266315
8663	0,266332
8664	0,266573
8665	0,266428
8666	0,267701
8667	0,266831
8668	0,266879
8669	0,266895
8670	0,266589
8671	0,266315
8672	0,266493
8673	0,266009
8674	0,265172
8675	0,264753
8676	0,264238
8677	0,263432
8678	0,262869
8679	0,262047
8680	0,261596
8681	0,261081
8682	0,260565
8683	0,259986
8684	0,259857
8685	0,259422
8686	0,258488
8687	0,258343
8688	0,257344
8689	0,258166
8690	0,258117
8691	0,258391
8692	0,258149
8693	0,258391
8694	0,259132
8695	0,258955
8696	0,259035
8697	0,259776
8698	0,259696
8699	0,260888
8700	0,261322
8701	0,261612
8702	0,262192
8703	0,262965
8704	0,263642
8705	0,263771
8706	0,264044
8707	0,264495
8708	0,264995
8709	0,266042
8710	0,266058
8711	0,266879
8712	0,266702
8713	0,26667
8714	0,267121
8715	0,266477
8716	0,266477
8717	0,266509
8718	0,266009
8719	0,266171
8720	0,265397
8721	0,265494
8722	0,264399
8723	0,264012
8724	0,26311
8725	0,262257
8726	0,262305
8727	0,261628
8728	0,2615
8729	0,261016
8730	0,260372
8731	0,260469
8732	0,259551
8733	0,259245
8734	0,258117
8735	0,258439
8736	0,258359
8737	0,258584
8738	0,25852
8739	0,258826
8740	0,258488
8741	0,259438
8742	0,258745
8743	0,259921
8744	0,259341
8745	0,259937
8746	0,260292
8747	0,261097
8748	0,261709
8749	0,262273
8750	0,263159
8751	0,263497
8752	0,263658
8753	0,264189
8754	0,26435
8755	0,264882
8756	0,265784
8757	0,265558
8758	0,266299
8759	0,266299
8760	0,266138
8761	0,266251
8762	0,265558
8763	0,266203
8764	0,266058
8765	0,2658
8766	0,265703
8767	0,265043
8768	0,264866
8769	0,264544
8770	0,264222
8771	0,263175
8772	0,26274
8773	0,262257
8774	0,26253
8775	0,261467
8776	0,261226
8777	0,260549
8778	0,260743
8779	0,259889
8780	0,259454
8781	0,259567
8782	0,259003
8783	0,258987
8784	0,25976
8785	0,259229
8786	0,259357
8787	0,259567
8788	0,259937
8789	0,259857
8790	0,260195
8791	0,26034
8792	0,260904
8793	0,26129
8794	0,261757
8795	0,262643
8796	0,262434
8797	0,262804
8798	0,263239
8799	0,26332
8800	0,264544
8801	0,264801
8802	0,265526
8803	0,26522
8804	0,265446
8805	0,266557
8806	0,265446
8807	0,266122
8808	0,265816
8809	0,265381
8810	0,26543
8811	0,265558
8812	0,264769
8813	0,264946
8814	0,264415
8815	0,265027
8816	0,263755
8817	0,263642
8818	0,262804
8819	0,262353
8820	0,262756
8821	0,261645
8822	0,261757
8823	0,261258
8824	0,260888
8825	0,26063
8826	0,260469
8827	0,260646
8828	0,25997
8829	0,259986
8830	0,25997
8831	0,259583
8832	0,260614
8833	0,260356
8834	0,26063
8835	0,260501
8836	0,260356
8837	0,260614
8838	0,261161
8839	0,261451
8840	0,262289
8841	0,262901
8842	0,263191
8843	0,262933
8844	0,26427
8845	0,264125
8846	0,264141
8847	0,264898
8848	0,26493
8849	0,264769
8850	0,265188
8851	0,265043
8852	0,266235
8853	0,265558
8854	0,265204
8855	0,264946
8856	0,26485
8857	0,265526
8858	0,265091
8859	0,265381
8860	0,264286
8861	0,263996
8862	0,264173
8863	0,263175
8864	0,263593
8865	0,262965
8866	0,26245
8867	0,262241
8868	0,26187
8869	0,261838
8870	0,261854
8871	0,261
8872	0,261628
8873	0,260839
8874	0,260936
8875	0,260614
8876	0,260775
8877	0,260775
8878	0,260807
8879	0,261274
8880	0,261371
8881	0,261532
8882	0,261628
8883	0,261467
8884	0,26216
8885	0,26179
8886	0,262981
8887	0,263175
8888	0,263046
8889	0,263819
8890	0,263948
8891	0,263755
8892	0,264286
8893	0,264318
8894	0,265043
8895	0,265091
8896	0,265204
8897	0,265156
8898	0,265301
8899	0,265446
8900	0,265607
8901	0,264834
8902	0,264753
8903	0,26427
8904	0,264834
8905	0,264415
8906	0,264544
8907	0,263851
8908	0,26332
8909	0,263368
8910	0,262692
8911	0,262563
8912	0,262241
8913	0,261757
8914	0,261645
8915	0,261548
8916	0,261226
8917	0,261387
8918	0,260936
8919	0,261306
8920	0,260565
8921	0,260904
8922	0,260292
8923	0,260437
8924	0,261612
8925	0,261081
8926	0,261725
8927	0,261258
8928	0,261596
8929	0,262208
8930	0,262144
8931	0,262482
8932	0,263432
8933	0,262724
8934	0,262998
8935	0,263722
8936	0,264898
8937	0,263948
8938	0,264383
8939	0,264061
8940	0,264189
8941	0,264769
8942	0,265059
8943	0,265027
8944	0,265204
8945	0,264818
8946	0,265317
8947	0,265043
8948	0,264254
8949	0,264189
8950	0,263835
8951	0,264012
8952	0,263384
8953	0,263271
8954	0,26311
8955	0,262724
8956	0,262047
8957	0,261645
8958	0,261935
8959	0,261548
8960	0,260598
8961	0,261161
8962	0,261097
8963	0,261161
8964	0,260743
8965	0,261194
8966	0,260968
8967	0,260259
8968	0,261129
8969	0,260904
8970	0,260662
8971	0,26129
8972	0,26158
8973	0,26216
8974	0,261983
8975	0,262466
8976	0,262353
8977	0,262949
8978	0,263352
8979	0,26369
8980	0,264044
8981	0,264206
8982	0,264044
8983	0,264995
8984	0,264109
8985	0,264624
8986	0,265027
8987	0,264737
8988	0,264882
8989	0,265172
8990	0,265285
8991	0,26456
8992	0,264431
8993	0,264528
8994	0,263787
8995	0,263368
8996	0,263481
8997	0,26282
8998	0,262708
8999	0,262788
9000	0,26245
9001	0,261983
9002	0,261403
9003	0,261951
9004	0,261194
9005	0,260694
9006	0,260501
9007	0,260453
9008	0,260469
9009	0,260404
9010	0,260163
9011	0,260404
9012	0,260501
9013	0,260517
9014	0,260421
9015	0,26158
9016	0,261548
9017	0,261145
9018	0,262692
9019	0,26245
9020	0,26303
9021	0,262804
9022	0,263561
9023	0,263304
9024	0,26361
9025	0,26427
9026	0,264544
9027	0,264705
9028	0,265091
9029	0,265269
9030	0,265848
9031	0,265252
9032	0,265381
9033	0,265333
9034	0,264673
9035	0,264673
9036	0,264866
9037	0,26456
9038	0,265075
9039	0,264109
9040	0,264254
9041	0,263207
9042	0,26311
9043	0,262772
9044	0,262579
9045	0,262724
9046	0,261709
9047	0,261242
9048	0,261033
9049	0,260598
9050	0,260727
9051	0,260372
9052	0,260002
9053	0,260082
9054	0,259406
9055	0,260404
9056	0,259921
9057	0,260888
9058	0,260485
9059	0,261339
9060	0,260582
9061	0,260743
9062	0,261967
9063	0,262643
9064	0,262724
9065	0,263239
9066	0,263159
9067	0,26427
9068	0,264512
9069	0,26427
9070	0,264898
9071	0,265188
9072	0,265993
9073	0,265639
9074	0,266332
9075	0,266638
9076	0,265945
9077	0,267105
9078	0,266283
9079	0,266026
9080	0,265558
9081	0,265542
9082	0,265542
9083	0,265301
9084	0,265349
9085	0,264318
9086	0,264592
9087	0,263674
9088	0,262788
9089	0,261983
9090	0,262273
9091	0,262112
9092	0,261628
9093	0,260485
9094	0,261033
9095	0,260598
9096	0,259599
9097	0,260131
9098	0,259357
9099	0,25947
9100	0,260259
9101	0,260131
9102	0,260259
9103	0,259986
9104	0,261226
9105	0,260598
9106	0,261322
9107	0,261419
9108	0,262385
9109	0,262498
9110	0,263046
9111	0,263642
9112	0,264705
9113	0,264995
9114	0,265655
9115	0,266122
9116	0,266605
9117	0,266799
9118	0,266605
9119	0,267282
9120	0,267523
9121	0,26762
9122	0,267991
9123	0,267765
9124	0,268119
9125	0,267411
9126	0,266847
9127	0,266541
9128	0,26638
9129	0,266026
9130	0,265623
9131	0,265107
9132	0,264399
9133	0,263835
9134	0,263142
9135	0,262305
9136	0,262096
9137	0,261693
9138	0,260598
9139	0,260549
9140	0,259825
9141	0,259406
9142	0,259132
9143	0,2586
9144	0,258874
9145	0,257956
9146	0,258794
9147	0,258729
9148	0,259164
9149	0,25918
9150	0,259744
9151	0,26129
9152	0,260388
9153	0,261532
9154	0,262321
9155	0,262385
9156	0,263465
9157	0,264206
9158	0,265043
9159	0,265269
9160	0,26609
9161	0,267556
9162	0,267121
9163	0,267523
9164	0,267797
9165	0,268232
9166	0,268812
9167	0,26915
9168	0,268731
9169	0,268683
9170	0,268023
9171	0,267813
9172	0,267701
9173	0,26733
9174	0,266557
9175	0,266154
9176	0,264914
9177	0,264673
9178	0,263996
9179	0,263062
9180	0,261773
9181	0,261145
9182	0,260324
9183	0,260243
9184	0,259502
9185	0,258633
9186	0,258053
9187	0,25823
9188	0,258053
9189	0,257054
9190	0,257231
9191	0,257392
9192	0,256635
9193	0,257183
9194	0,258214
9195	0,258327
9196	0,258617
9197	0,259309
9198	0,261097
9199	0,261145
9200	0,262224
9201	0,26274
9202	0,2634
9203	0,265107
9204	0,265655
9205	0,266332
9206	0,267346
9207	0,268087
9208	0,268651
9209	0,268731
9210	0,269585
9211	0,270052
9212	0,270278
9213	0,270358
9214	0,270487
9215	0,270278
9216	0,270197
9217	0,269456
9218	0,268651
9219	0,267813
9220	0,266944
9221	0,266702
9222	0,265333
9223	0,264544
9224	0,263561
9225	0,26311
9226	0,261596
9227	0,260259
9228	0,259309
9229	0,258343
9230	0,257715
9231	0,256346
9232	0,256442
9233	0,25583
9234	0,255234
9235	0,255363
9236	0,255234
9237	0,255411
9238	0,25546
9239	0,256056
9240	0,256764
9241	0,257666
9242	0,258681
9243	0,259051
9244	0,260243
9245	0,262015
9246	0,262369
9247	0,263916
9248	0,264544
9249	0,266299
9250	0,267556
9251	0,268796
9252	0,269778
9253	0,270213
9254	0,271486
9255	0,27279
9256	0,2725
9257	0,272645
9258	0,272758
9259	0,272774
9260	0,272678
9261	0,272227
9262	0,271727
9263	0,271131
9264	0,270036
9265	0,269392
9266	0,267991
9267	0,266621
9268	0,265558
9269	0,263771
9270	0,263126
9271	0,26187
9272	0,260469
9273	0,258906
9274	0,257618
9275	0,256185
9276	0,255218
9277	0,255073
9278	0,254429
9279	0,253897
9280	0,253527
9281	0,253012
9282	0,253913
9283	0,254123
9284	0,254654
9285	0,255121
9286	0,256088
9287	0,257135
9288	0,2586
9289	0,259937
9290	0,261226
9291	0,26274
9292	0,264608
9293	0,266042
9294	0,267781
9295	0,26857
9296	0,269811
9297	0,271421
9298	0,272597
9299	0,273789
9300	0,274852
9301	0,275351
9302	0,275335
9303	0,275319
9304	0,275738
9305	0,275383
9306	0,274755
9307	0,274336
9308	0,273273
9309	0,272162
9310	0,270906
9311	0,269086
9312	0,268103
9313	0,265929
9314	0,263899
9315	0,262385
9316	0,260743
9317	0,259068
9318	0,256845
9319	0,256426
9320	0,254493
9321	0,25343
9322	0,252399
9323	0,251175
9324	0,250741
9325	0,250241
9326	0,250547
9327	0,250853
9328	0,25103
9329	0,252126
9330	0,252367
9331	0,253962
9332	0,255186
9333	0,256474
9334	0,258472
9335	0,260453
9336	0,262176
9337	0,264061
9338	0,266154
9339	0,268087
9340	0,269956
9341	0,271888
9342	0,272581
9343	0,274626
9344	0,275979
9345	0,277042
9346	0,277654
9347	0,278073
9348	0,277912
9349	0,277848
9350	0,277171
9351	0,276398
9352	0,275255
9353	0,274417
9354	0,272839
9355	0,270584
9356	0,269408
9357	0,266799
9358	0,26464
9359	0,262144
9360	0,259438
9361	0,258166
9362	0,255878
9363	0,254429
9364	0,251997
9365	0,250789
9366	0,249194
9367	0,247761
9368	0,247584
9369	0,246698
9370	0,246585
9371	0,246714
9372	0,246988
9373	0,24768
9374	0,24921
9375	0,250885
9376	0,252351
9377	0,253946
9378	0,25604
9379	0,258133
9380	0,260259
9381	0,26311
9382	0,26551
9383	0,268909
9384	0,270664
9385	0,272822
9386	0,274852
9387	0,276946
9388	0,278283
9389	0,279877
9390	0,280747
9391	0,281037
9392	0,281423
9393	0,281826
9394	0,281246
9395	0,280634
9396	0,278572
9397	0,277606
9398	0,275867
9399	0,273547
9400	0,27155
9401	0,269247
9402	0,266444
9403	0,264463
9404	0,260501
9405	0,257956
9406	0,254687
9407	0,252641
9408	0,250499
9409	0,248824
9410	0,247197
9411	0,245425
9412	0,244185
9413	0,24346
9414	0,242285
9415	0,242575
9416	0,243364
9417	0,244378
9418	0,245699
9419	0,247439
9420	0,249758
9421	0,251755
9422	0,254316
9423	0,257457
9424	0,260421
9425	0,263658
9426	0,266589
9427	0,268941
9428	0,272436
9429	0,275335
9430	0,278315
9431	0,280231
9432	0,28268
9433	0,284355
9434	0,285933
9435	0,286771
9436	0,287254
9437	0,28669
9438	0,286577
9439	0,285289
9440	0,284661
9441	0,281713
9442	0,279764
9443	0,277381
9444	0,274369
9445	0,271389
9446	0,267829
9447	0,264495
9448	0,261
9449	0,257473
9450	0,254751
9451	0,251014
9452	0,247841
9453	0,245023
9454	0,242993
9455	0,241093
9456	0,239772
9457	0,239047
9458	0,238612
9459	0,23858
9460	0,23945
9461	0,240207
9462	0,242011
9463	0,244185
9464	0,246247
9465	0,249645
9466	0,252947
9467	0,256619
9468	0,260324
9469	0,264334
9470	0,268007
9471	0,271776
9472	0,275287
9473	0,278862
9474	0,282309
9475	0,284967
9476	0,287495
9477	0,28975
9478	0,290797
9479	0,291377
9480	0,292376
9481	0,291377
9482	0,290878
9483	0,289364
9484	0,287769
9485	0,284628
9486	0,282148
9487	0,279458
9488	0,275126
9489	0,271325
9490	0,26725
9491	0,262643
9492	0,258794
9493	0,254397
9494	0,250451
9495	0,246456
9496	0,242993
9497	0,240819
9498	0,23792
9499	0,235294
9500	0,233845
9501	0,232959
9502	0,233233
9503	0,233507
9504	0,234763
9505	0,23647
9506	0,238838
9507	0,241383
9508	0,244685
9509	0,248292
9510	0,252512
9511	0,256829
9512	0,261564
9513	0,265913
9514	0,271019
9515	0,274884
9516	0,279845
9517	0,283775
9518	0,287157
9519	0,290362
9520	0,292827
9521	0,294695
9522	0,296306
9523	0,297224
9524	0,297192
9525	0,295855
9526	0,294308
9527	0,292215
9528	0,289444
9529	0,286432
9530	0,282631
9531	0,278363
9532	0,273934
9533	0,269698
9534	0,26435
9535	0,258842
9536	0,254542
9537	0,249452
9538	0,244234
9539	0,240867
9540	0,236615
9541	0,233861
9542	0,230849
9543	0,229126
9544	0,228481
9545	0,227515
9546	0,227306
9547	0,228401
9548	0,230463
9549	0,232878
9550	0,236567
9551	0,240287
9552	0,244427
9553	0,249661
9554	0,254268
9555	0,259535
9556	0,26522
9557	0,270535
9558	0,276559
9559	0,281423
9560	0,2864
9561	0,291216
9562	0,295017
9563	0,298029
9564	0,300203
9565	0,301927
9566	0,303167
9567	0,303086
9568	0,30278
9569	0,301299
9570	0,298641
9571	0,296128
9572	0,291731
9573	0,287093
9574	0,281923
9575	0,276318
9576	0,271341
9577	0,26543
9578	0,259583
9579	0,253124
9580	0,247068
9581	0,242526
9582	0,237018
9583	0,232717
9584	0,228481
9585	0,22518
9586	0,223005
9587	0,221701
9588	0,22075
9589	0,221459
9590	0,222748
9591	0,224535
9592	0,227354
9593	0,231332
9594	0,23589
9595	0,241222
9596	0,246811
9597	0,253253
9598	0,259873
9599	0,265591
9600	0,272549
9601	0,278492
9602	0,284516
9603	0,290234
9604	0,296096
9605	0,300123
9606	0,30394
9607	0,306614
9608	0,308788
9609	0,309577
9610	0,309384
9611	0,30758
9612	0,306775
9613	0,303988
9614	0,299543
9615	0,294437
9616	0,289734
9617	0,283952
9618	0,277864
9619	0,270745
9620	0,264012
9621	0,256023
9622	0,24942
9623	0,243203
9624	0,236728
9625	0,231735
9626	0,226146
9627	0,222313
9628	0,21893
9629	0,216434
9630	0,214726
9631	0,214243
9632	0,215548
9633	0,217142
9634	0,220122
9635	0,223714
9636	0,22824
9637	0,233909
9638	0,239981
9639	0,246005
9640	0,253269
9641	0,261194
9642	0,268973
9643	0,275947
9644	0,282728
9645	0,290105
9646	0,295613
9647	0,301154
9648	0,305825
9649	0,309368
9650	0,312831
9651	0,315005
9652	0,31536
9653	0,315166
9654	0,313282
9655	0,311172
9656	0,306775
9657	0,302281
9658	0,296773
9659	0,28996
9660	0,283678
9661	0,276366
9662	0,268232
9663	0,260147
9664	0,25219
9665	0,244926
9666	0,236825
9667	0,230012
9668	0,224004
9669	0,218399
9670	0,214002
9671	0,211103
9672	0,208413
9673	0,207479
9674	0,207672
9675	0,209476
9676	0,211264
9677	0,215435
9678	0,220122
9679	0,225759
9680	0,233362
9681	0,240094
9682	0,248325
9683	0,256023
9684	0,264866
9685	0,273869
9686	0,282164
9687	0,289815
9688	0,297369
9689	0,304504
9690	0,310463
9691	0,315456
9692	0,319821
9693	0,321706
9694	0,322865
9695	0,323139
9696	0,321657
9697	0,319386
9698	0,31573
9699	0,311301
9700	0,304665
9701	0,297417
9702	0,290298
9703	0,281552
9704	0,272355
9705	0,262885
9706	0,254075
9707	0,245264
9708	0,236567
9709	0,228514
9710	0,221185
9711	0,214324
9712	0,209266
9713	0,204273
9714	0,202067
9715	0,20015
9716	0,199651
9717	0,201084
9718	0,203951
9719	0,208332
9720	0,21289
9721	0,219607
9722	0,226677
9723	0,235166
9724	0,244008
9725	0,25335
9726	0,262853
9727	0,272307
9728	0,281697
9729	0,292327
9730	0,300397
9731	0,308273
9732	0,314876
9733	0,320433
9734	0,325877
9735	0,32876
9736	0,331063
9737	0,331176
9738	0,329952
9739	0,32781
9740	0,322881
9741	0,317727
9742	0,311091
9743	0,303006
9744	0,294663
9745	0,285402
9746	0,275416
9747	0,264721
9748	0,254864
9749	0,244765
9750	0,234682
9751	0,225389
9752	0,216917
9753	0,209685
9754	0,203742
9755	0,19862
9756	0,195222
9757	0,193305
9758	0,192564
9759	0,194529
9760	0,196413
9761	0,201165
9762	0,206271
9763	0,214437
9764	0,222103
9765	0,231832
9766	0,241592
9767	0,251723
9768	0,262611
9769	0,273225
9770	0,284258
9771	0,29484
9772	0,304633
9773	0,313105
9774	0,320804
9775	0,32686
9776	0,333753
9777	0,336169
9778	0,338392
9779	0,338279
9780	0,336733
9781	0,333737
9782	0,32942
9783	0,323042
9784	0,315891
9785	0,307306
9786	0,298077
9787	0,287012
9788	0,275915
9789	0,264141
9790	0,252657
9791	0,24164
9792	0,230801
9793	0,220783
9794	0,211006
9795	0,202937
9796	0,196655
9797	0,190599
9798	0,187023
9799	0,185574
9800	0,185429
9801	0,187056
9802	0,190422
9803	0,195737
9804	0,202325
9805	0,210201
9806	0,219204
9807	0,230108
9808	0,241592
9809	0,252561
9810	0,26543
9811	0,27722
9812	0,289348
9813	0,30096
9814	0,310737
9815	0,320385
9816	0,32818
9817	0,334961
9818	0,341307
9819	0,344142
9820	0,345479
9821	0,345462
9822	0,344158
9823	0,340035
9824	0,333254
9825	0,326715
9826	0,317357
9827	0,307725
9828	0,296724
9829	0,284951
9830	0,272839
9831	0,259889
9832	0,246988
9833	0,235488
9834	0,223037
9835	0,212311
9836	0,202566
9837	0,194964
9838	0,187684
9839	0,182948
9840	0,179308
9841	0,178584
9842	0,17897
9843	0,182079
9844	0,186105
9845	0,192596
9846	0,20007
9847	0,20954
9848	0,22038
9849	0,232395
9850	0,2452
9851	0,257908
9852	0,2706
9853	0,284161
9854	0,296676
9855	0,308305
9856	0,319628
9857	0,329549
9858	0,338215
9859	0,344303
9860	0,349682
9861	0,351712
9862	0,352517
9863	0,350794
9864	0,348217
9865	0,343014
9866	0,33546
9867	0,327246
9868	0,317019
9869	0,305374
9870	0,292972
9871	0,279491
9872	0,265881
9873	0,251594
9874	0,238065
9875	0,225228
9876	0,213728
9877	0,20218
9878	0,19221
9879	0,184237
9880	0,178423
9881	0,173462
9882	0,171416
9883	0,170965
9884	0,173671
9885	0,177424
9886	0,183512
9887	0,191823
9888	0,201294
9889	0,212633
9890	0,225067
9891	0,238532
9892	0,251997
9893	0,266686
9894	0,280892
9895	0,29447
9896	0,307226
9897	0,320433
9898	0,331063
9899	0,341001
9900	0,347782
9901	0,353387
9902	0,357397
9903	0,359056
9904	0,357961
9905	0,355432
9906	0,350407
9907	0,343739
9908	0,333431
9909	0,32301
9910	0,310785
9911	0,297192
9912	0,284016
9913	0,268538
9914	0,25459
9915	0,239804
9916	0,225647
9917	0,212987
9918	0,199747
9919	0,189504
9920	0,180307
9921	0,172995
9922	0,168018
9923	0,166149
9924	0,165457
9925	0,166584
9926	0,170321
9927	0,177037
9928	0,185525
9929	0,195399
9930	0,207366
9931	0,219897
9932	0,234537
9933	0,248614
9934	0,264785
9935	0,279877
9936	0,294357
9937	0,308627
9938	0,321367
9939	0,333125
9940	0,344126
9941	0,352404
9942	0,358573
9943	0,362696
9944	0,365241
9945	0,36421
9946	0,36144
9947	0,355867
9948	0,348104
9949	0,338972
9950	0,327729
9951	0,314731
9952	0,300912
9953	0,28582
9954	0,270954
9955	0,254203
9956	0,23887
9957	0,224004
9958	0,209701
9959	0,197009
9960	0,185799
9961	0,175862
9962	0,168034
9963	0,162364
9964	0,159465
9965	0,158757
9966	0,160609
9967	0,164829
9968	0,171658
9969	0,180597
9970	0,192016
9971	0,204
9972	0,217722
9973	0,232846
9974	0,248743
9975	0,265075
9976	0,281488
9977	0,297417
9978	0,312154
9979	0,325442
9980	0,338762
9981	0,349425
9982	0,358122
9983	0,364371
9984	0,368301
9985	0,369187
9986	0,36893
9987	0,365821
9988	0,360055
9989	0,352066
9990	0,341806
9991	0,330258
9992	0,316068
9993	0,30088
9994	0,284548
9995	0,268345
9996	0,251562
9997	0,235504
9998	0,219752
9999	0,204563
10000	0,191662
10001	0,179647
10002	0,169838
10003	0,162638
10004	0,157194
10005	0,153941
10006	0,154102
10007	0,156389
10008	0,161543
10009	0,169161
10010	0,17839
10011	0,189923
10012	0,203291
10013	0,218769
10014	0,234586
10015	0,250805
10016	0,267427
10017	0,284967
10018	0,301572
10019	0,317115
10020	0,331192
10021	0,343498
10022	0,354257
10023	0,363647
10024	0,369719
10025	0,373391
10026	0,375131
10027	0,373085
10028	0,36996
10029	0,362568
10030	0,353773
10031	0,342451
10032	0,328647
10033	0,314892
10034	0,298673
10035	0,281907
10036	0,264576
10037	0,247197
10038	0,230189
10039	0,214066
10040	0,199135
10041	0,185477
10042	0,172737
10043	0,164136
10044	0,156212
10045	0,151428
10046	0,149254
10047	0,149689
10048	0,153119
10049	0,158773
10050	0,167502
10051	0,178117
10052	0,190486
10053	0,205385
10054	0,221201
10055	0,238242
10056	0,255895
10057	0,273451
10058	0,290668
10059	0,307999
10060	0,32425
10061	0,338118
10062	0,350939
10063	0,362439
10064	0,370331
10065	0,377031
10066	0,379334
10067	0,380236
10068	0,377047
10069	0,371716
10070	0,363937
10071	0,354015
10072	0,341726
10073	0,327584
10074	0,311961
10075	0,294824
10076	0,276543
10077	0,258842
10078	0,240175
10079	0,222458
10080	0,206657
10081	0,191259
10082	0,177569
10083	0,16623
10084	0,157098
10085	0,150301
10086	0,146322
10087	0,145243
10088	0,146806
10089	0,150768
10090	0,158644
10091	0,168227
10092	0,18013
10093	0,193981
10094	0,209411
10095	0,226533
10096	0,24433
10097	0,262901
10098	0,281101
10099	0,299318
10100	0,316213
10101	0,332223
10102	0,347057
10103	0,358589
10104	0,368978
10105	0,375952
10106	0,380639
10107	0,382958
10108	0,382346
10109	0,378722
10110	0,372167
10111	0,363163
10112	0,351841
10113	0,337538
10114	0,322253
10115	0,304826
10116	0,287576
10117	0,269279
10118	0,250579
10119	0,232315
10120	0,214356
10121	0,19804
10122	0,183738
10123	0,169612
10124	0,158998
10125	0,150993
10126	0,145501
10127	0,142602
10128	0,143278
10129	0,146065
10130	0,151976
10131	0,160416
10132	0,171916
10133	0,18472
10134	0,199699
10135	0,216853
10136	0,234376
10137	0,253253
10138	0,272339
10139	0,290846
10140	0,308643
10141	0,325329
10142	0,341452
10143	0,354224
10144	0,365821
10145	0,375082
10146	0,381348
10147	0,384923
10148	0,385197
10149	0,383087
10150	0,37716
10151	0,368688
10152	0,357881
10153	0,344899
10154	0,330161
10155	0,313185
10156	0,295887
10157	0,277461
10158	0,25794
10159	0,239917
10160	0,221056
10161	0,203629
10162	0,188231
10163	0,173752
10164	0,162783
10165	0,152298
10166	0,146242
10167	0,141941
10168	0,141619
10169	0,143504
10170	0,147659
10171	0,15589
10172	0,166246
10173	0,179228
10174	0,193595
10175	0,209927
10176	0,22766
10177	0,246086
10178	0,26493
10179	0,283614
10180	0,301878
10181	0,31937
10182	0,335718
10183	0,350149
10184	0,361714
10185	0,371668
10186	0,379882
10187	0,383731
10188	0,385052
10189	0,383103
10190	0,378803
10191	0,372247
10192	0,361778
10193	0,349876
10194	0,335444
10195	0,319692
10196	0,301701
10197	0,283034
10198	0,264463
10199	0,245683
10200	0,226774
10201	0,209508
10202	0,193724
10203	0,178551
10204	0,166037
10205	0,155616
10206	0,148336
10207	0,143085
10208	0,141233
10209	0,142038
10210	0,145839
10211	0,153039
10212	0,161543
10213	0,174154
10214	0,187909
10215	0,203903
10216	0,22096
10217	0,239063
10218	0,257763
10219	0,276511
10220	0,294921
10221	0,313072
10222	0,329968
10223	0,344818
10224	0,357848
10225	0,369348
10226	0,37716
10227	0,382507
10228	0,385326
10229	0,38473
10230	0,381025
10231	0,375114
10232	0,366369
10233	0,355738
10234	0,341371
10235	0,325716
10236	0,308434
10237	0,290701
10238	0,271598
10239	0,253173
10240	0,234457
10241	0,215709
10242	0,198733
10243	0,183867
10244	0,169967
10245	0,159063
10246	0,150349
10247	0,143923
10248	0,140943
10249	0,141265
10250	0,144406
10251	0,150107
10252	0,158563
10253	0,169854
10254	0,182304
10255	0,197718
10256	0,215081
10257	0,233281
10258	0,251691
10259	0,27089
10260	0,289525
10261	0,307822
10262	0,325023
10263	0,340711
10264	0,353773
10265	0,365821
10266	0,374486
10267	0,381396
10268	0,384376
10269	0,385777
10270	0,383796
10271	0,37774
10272	0,369445
10273	0,359137
10274	0,346364
10275	0,331031
10276	0,315005
10277	0,296724
10278	0,278105
10279	0,259116
10280	0,240964
10281	0,221781
10282	0,204805
10283	0,18857
10284	0,174686
10285	0,163073
10286	0,153876
10287	0,147514
10288	0,143584
10289	0,142054
10290	0,144599
10291	0,149286
10292	0,156808
10293	0,166971
10294	0,179453
10295	0,194416
10296	0,210571
10297	0,228063
10298	0,246472
10299	0,265446
10300	0,28421
10301	0,301878
10302	0,319193
10303	0,335283
10304	0,349505
10305	0,361666
10306	0,370733
10307	0,378658
10308	0,382217
10309	0,383747
10310	0,382185
10311	0,377224
10312	0,370266
10313	0,360377
10314	0,347943
10315	0,334317
10316	0,318049
10317	0,301814
10318	0,282486
10319	0,263883
10320	0,245087
10321	0,22737
10322	0,210233
10323	0,193901
10324	0,180065
10325	0,167712
10326	0,157855
10327	0,151122
10328	0,147031
10329	0,144889
10330	0,145372
10331	0,149946
10332	0,157468
10333	0,166649
10334	0,178664
10335	0,19229
10336	0,207527
10337	0,224809
10338	0,242848
10339	0,261484
10340	0,279474
10341	0,297063
10342	0,314264
10343	0,33029
10344	0,344818
10345	0,357027
10346	0,366868
10347	0,374422
10348	0,378867
10349	0,380381
10350	0,379479
10351	0,375807
10352	0,369735
10353	0,35991
10354	0,348941
10355	0,335267
10356	0,320192
10357	0,303328
10358	0,28611
10359	0,268039
10360	0,249806
10361	0,232057
10362	0,215194
10363	0,199731
10364	0,18559
10365	0,173591
10366	0,163218
10367	0,155084
10368	0,150591
10369	0,148368
10370	0,14898
10371	0,15291
10372	0,158289
10373	0,16739
10374	0,17839
10375	0,19105
10376	0,205932
10377	0,222039
10378	0,238951
10379	0,257248
10380	0,275013
10381	0,292424
10382	0,309432
10383	0,324734
10384	0,339084
10385	0,350649
10386	0,361311
10387	0,368688
10388	0,374084
10389	0,376661
10390	0,377192
10391	0,37381
10392	0,367802
10393	0,359829
10394	0,348925
10395	0,335783
10396	0,321689
10397	0,306404
10398	0,289396
10399	0,272275
10400	0,255266
10401	0,237694
10402	0,221234
10403	0,205514
10404	0,191131
10405	0,178841
10406	0,168549
10407	0,161221
10408	0,155793
10409	0,15299
10410	0,153007
10411	0,155696
10412	0,160899
10413	0,16892
10414	0,178938
10415	0,190744
10416	0,205143
10417	0,220026
10418	0,236921
10419	0,25343
10420	0,270777
10421	0,287914
10422	0,30386
10423	0,319386
10424	0,333028
10425	0,345414
10426	0,355964
10427	0,363051
10428	0,368817
10429	0,371587
10430	0,371555
10431	0,369219
10432	0,364291
10433	0,357381
10434	0,347476
10435	0,336121
10436	0,32235
10437	0,307548
10438	0,29236
10439	0,275657
10440	0,257811
10441	0,242285
10442	0,225888
10443	0,211312
10444	0,197203
10445	0,185799
10446	0,175169
10447	0,167084
10448	0,162252
10449	0,158128
10450	0,158064
10451	0,159755
10452	0,164619
10453	0,171513
10454	0,180935
10455	0,192242
10456	0,205143
10457	0,219156
10458	0,234747
10459	0,250483
10460	0,266879
10461	0,283066
10462	0,298754
10463	0,313411
10464	0,32694
10465	0,339648
10466	0,348748
10467	0,356705
10468	0,362406
10469	0,365547
10470	0,366691
10471	0,364871
10472	0,360683
10473	0,354257
10474	0,345543
10475	0,335477
10476	0,322479
10477	0,309062
10478	0,293149
10479	0,278331
10480	0,263191
10481	0,246956
10482	0,231526
10483	0,217207
10484	0,203967
10485	0,192049
10486	0,181644
10487	0,174025
10488	0,16834
10489	0,164668
10490	0,163943
10491	0,165231
10492	0,169145
10493	0,175121
10494	0,182948
10495	0,194014
10496	0,205272
10497	0,218447
10498	0,232283
10499	0,247181
10500	0,262692
10501	0,277558
10502	0,2931
10503	0,307773
10504	0,320192
10505	0,33211
10506	0,341629
10507	0,350166
10508	0,355642
10509	0,35867
10510	0,360844
10511	0,359878
10512	0,355932
10513	0,351084
10514	0,343787
10515	0,333689
10516	0,322301
10517	0,310447
10518	0,29695
10519	0,282213
10520	0,267749
10521	0,252383
10522	0,238967
10523	0,224487
10524	0,211634
10525	0,199876
10526	0,190084
10527	0,182159
10528	0,176184
10529	0,172528
10530	0,170691
10531	0,170885
10532	0,173558
10533	0,178068
10534	0,1853
10535	0,193627
10536	0,204644
10537	0,21645
10538	0,229689
10539	0,24346
10540	0,257537
10541	0,271631
10542	0,285547
10543	0,298979
10544	0,311558
10545	0,323026
10546	0,332593
10547	0,341146
10548	0,347878
10549	0,351969
10550	0,354385
10551	0,354869
10552	0,352936
10553	0,347444
10554	0,341597
10555	0,333689
10556	0,324009
10557	0,312638
10558	0,301315
10559	0,28756
10560	0,274192
10561	0,260259
10562	0,246521
10563	0,233023
10564	0,221395
10565	0,209782
10566	0,199667
10567	0,191807
10568	0,184833
10569	0,180194
10570	0,176892
10571	0,17686
10572	0,178004
10573	0,181289
10574	0,187056
10575	0,195302
10576	0,203758
10577	0,214388
10578	0,226065
10579	0,238822
10580	0,251353
10581	0,264866
10582	0,278218
10583	0,290652
10584	0,30278
10585	0,313862
10586	0,324411
10587	0,332722
10588	0,339487
10589	0,344722
10590	0,347073
10591	0,348764
10592	0,346993
10593	0,344351
10594	0,339696
10595	0,332899
10596	0,324927
10597	0,314603
10598	0,30386
10599	0,292102
10600	0,279861
10601	0,267298
10602	0,254381
10603	0,242478
10604	0,230446
10605	0,21943
10606	0,209701
10607	0,201294
10608	0,194561
10609	0,188618
10610	0,185171
10611	0,184044
10612	0,184382
10613	0,186685
10614	0,190921
10615	0,196977
10616	0,204161
10617	0,213422
10618	0,223021
10619	0,23407
10620	0,245216
10621	0,257682
10622	0,270004
10623	0,282116
10624	0,293117
10625	0,30386
10626	0,314152
10627	0,322044
10628	0,329372
10629	0,334736
10630	0,338215
10631	0,341065
10632	0,340953
10633	0,339149
10634	0,336346
10635	0,330886
10636	0,324347
10637	0,316213
10638	0,307161
10639	0,29695
10640	0,285788
10641	0,274884
10642	0,2634
10643	0,252512
10644	0,240513
10645	0,230253
10646	0,220718
10647	0,211988
10648	0,20466
10649	0,199232
10650	0,194626
10651	0,192322
10652	0,191066
10653	0,192934
10654	0,194561
10655	0,198974
10656	0,203613
10657	0,211441
10658	0,219059
10659	0,228336
10660	0,238564
10661	0,249581
10662	0,260163
10663	0,271743
10664	0,281842
10665	0,292247
10666	0,301589
10667	0,309722
10668	0,317067
10669	0,323832
10670	0,328905
10671	0,331804
10672	0,333286
10673	0,33335
10674	0,331514
10675	0,328084
10676	0,323622
10677	0,317131
10678	0,310173
10679	0,301959
10680	0,292408
10681	0,282776
10682	0,272452
10683	0,261951
10684	0,252061
10685	0,241801
10686	0,232266
10687	0,224342
10688	0,216691
10689	0,210104
10690	0,204837
10691	0,200955
10692	0,1992
10693	0,198507
10694	0,198427
10695	0,201406
10696	0,205175
10697	0,210458
10698	0,217255
10699	0,224535
10700	0,233168
10701	0,242204
10702	0,251465
10703	0,261645
10704	0,271276
10705	0,281472
10706	0,290523
10707	0,298802
10708	0,30692
10709	0,313652
10710	0,319306
10711	0,323171
10712	0,325877
10713	0,32723
10714	0,326988
10715	0,325394
10716	0,32301
10717	0,31813
10718	0,313443
10719	0,306147
10720	0,298625
10721	0,290105
10722	0,281407
10723	0,271856
10724	0,26245
10725	0,253672
10726	0,244733
10727	0,23618
10728	0,228336
10729	0,221282
10730	0,215033
10731	0,210813
10732	0,207736
10733	0,205369
10734	0,204451
10735	0,205675
10736	0,208268
10737	0,211876
10738	0,215467
10739	0,221475
10740	0,228642
10741	0,23581
10742	0,244298
10743	0,253285
10744	0,261902
10745	0,271389
10746	0,27941
10747	0,288542
10748	0,295194
10749	0,301991
10750	0,308547
10751	0,313153
10752	0,316874
10753	0,320127
10754	0,321416
10755	0,321464
10756	0,320481
10757	0,317743
10758	0,313491
10759	0,308724
10760	0,302426
10761	0,295726
10762	0,288993
10763	0,280924
10764	0,272758
10765	0,263883
10766	0,256072
10767	0,247439
10768	0,239836
10769	0,23275
10770	0,226903
10771	0,221153
10772	0,217255
10773	0,214066
10774	0,212874
10775	0,210974
10776	0,212133
10777	0,213116
10778	0,215886
10779	0,220428
10780	0,225099
10781	0,231252
10782	0,23771
10783	0,245329
10784	0,253285
10785	0,260324
10786	0,268748
10787	0,27635
10788	0,283437
10789	0,291071
10790	0,297787
10791	0,302732
10792	0,30787
10793	0,311591
10794	0,313974
10795	0,315054
10796	0,315488
10797	0,314474
10798	0,311961
10799	0,308836
10800	0,305132
10801	0,300203
10802	0,293938
10803	0,287721
10804	0,280924
10805	0,273032
10806	0,265913
10807	0,258504
10808	0,251192
10809	0,244781
10810	0,238371
10811	0,23275
10812	0,227579
10813	0,223054
10814	0,220042
10815	0,218141
10816	0,216853
10817	0,21703
10818	0,218592
10819	0,220815
10820	0,224374
10821	0,228498
10822	0,233313
10823	0,238773
10824	0,24491
10825	0,251272
10826	0,258391
10827	0,265526
10828	0,272822
10829	0,279426
10830	0,285257
10831	0,292392
10832	0,296789
10833	0,301895
10834	0,305035
10835	0,307516
10836	0,309368
10837	0,309787
10838	0,309674
10839	0,308096
10840	0,305438
10841	0,302829
10842	0,298432
10843	0,293342
10844	0,287673
10845	0,2821
10846	0,275673
10847	0,268844
10848	0,262675
10849	0,256587
10850	0,249597
10851	0,24404
10852	0,238194
10853	0,233507
10854	0,229512
10855	0,226243
10856	0,224245
10857	0,222619
10858	0,221894
10859	0,222667
10860	0,22402
10861	0,226468
10862	0,228916
10863	0,233716
10864	0,238709
10865	0,243831
10866	0,249661
10867	0,255734
10868	0,262289
10869	0,268071
10870	0,274642
10871	0,279925
10872	0,285836
10873	0,290507
10874	0,29542
10875	0,29935
10876	0,302201
10877	0,304568
10878	0,305744
10879	0,306131
10880	0,304939
10881	0,303763
10882	0,301428
10883	0,297771
10884	0,294196
10885	0,290008
10886	0,284322
10887	0,278476
10888	0,273225
10889	0,266944
10890	0,261516
10891	0,255315
10892	0,249275
10893	0,244572
10894	0,240175
10895	0,23589
10896	0,232283
10897	0,229383
10898	0,226919
10899	0,226516
10900	0,226742
10901	0,227418
10902	0,228498
10903	0,230897
10904	0,233861
10905	0,238999
10906	0,242494
10907	0,247342
10908	0,252512
10909	0,258214
10910	0,264415
10911	0,269488
10912	0,275013
10913	0,280827
10914	0,285869
10915	0,290749
10916	0,294244
10917	0,297514
10918	0,299205
10919	0,300638
10920	0,302329
10921	0,302748
10922	0,301911
10923	0,300171
10924	0,29811
10925	0,295243
10926	0,290878
10927	0,286674
10928	0,2821
10929	0,27672
10930	0,271502
10931	0,266026
10932	0,260791
10933	0,255363
10934	0,250064
10935	0,245699
10936	0,241093
10937	0,237485
10938	0,23428
10939	0,231848
10940	0,230495
10941	0,229303
10942	0,230237
10943	0,229818
10944	0,232057
10945	0,234248
10946	0,237034
10947	0,240706
10948	0,244974
10949	0,249887
10950	0,25459
10951	0,260179
10952	0,265639
10953	0,270262
10954	0,275754
10955	0,280602
10956	0,284178
10957	0,289332
10958	0,292134
10959	0,295822
10960	0,29753
10961	0,298867
10962	0,299978
10963	0,299833
10964	0,299285
10965	0,296982
10966	0,295017
10967	0,292343
10968	0,288317
10969	0,284645
10970	0,280119
10971	0,275287
10972	0,270471
10973	0,265285
10974	0,26034
10975	0,255057
10976	0,250193
10977	0,246215
10978	0,24185
10979	0,239337
10980	0,236422
10981	0,233925
10982	0,23196
10983	0,231252
10984	0,232299
10985	0,232395
10986	0,234038
10987	0,236309
10988	0,239869
10989	0,24346
10990	0,24731
10991	0,251642
10992	0,255717
10993	0,260582
10994	0,265752
10995	0,270664
10996	0,275867
10997	0,280409
10998	0,284516
10999	0,288333
11000	0,291361
11001	0,294019
11002	0,296145
11003	0,297143
11004	0,298512
11005	0,297932
11006	0,297433
11007	0,29571
11008	0,293487
11009	0,290813
11010	0,287608
11011	0,283211
11012	0,279217
11013	0,274111
11014	0,2701
11015	0,26485
11016	0,260517
11017	0,255444
11018	0,251578
11019	0,246682
11020	0,243267
11021	0,240094
11022	0,237743
11023	0,235149
11024	0,23399
11025	0,233587
11026	0,234199
11027	0,234747
11028	0,23589
11029	0,237549
11030	0,240561
11031	0,24396
11032	0,247729
11033	0,252206
11034	0,256152
11035	0,260904
11036	0,266283
11037	0,270809
11038	0,275593
11039	0,279378
11040	0,284113
11041	0,287061
11042	0,290685
11043	0,293922
11044	0,295758
11045	0,296354
11046	0,297723
11047	0,297063
11048	0,296306
11049	0,29513
11050	0,292891
11051	0,290717
11052	0,286803
11053	0,283388
11054	0,279571
11055	0,274852
11056	0,270358
11057	0,265526
11058	0,260936
11059	0,256523
11060	0,251659
11061	0,248099
11062	0,244217
11063	0,241447
11064	0,238451
11065	0,236728
11066	0,235375
11067	0,234312
11068	0,235053
11069	0,235568
11070	0,237147
11071	0,238918
11072	0,241222
11073	0,245119
11074	0,248357
11075	0,252448
11076	0,256619
11077	0,261274
11078	0,26609
11079	0,271099
11080	0,275657
11081	0,280248
11082	0,28392
11083	0,287431
11084	0,290314
11085	0,292939
11086	0,295114
11087	0,295661
11088	0,296837
11089	0,296773
11090	0,296579
11091	0,294953
11092	0,292859
11093	0,29025
11094	0,286223
11095	0,282728
11096	0,279362
11097	0,274916
11098	0,269843
11099	0,265494
11100	0,261387
11101	0,256217
11102	0,252303
11103	0,248373
11104	0,244298
11105	0,241544
11106	0,238886
11107	0,237147
11108	0,235713
11109	0,235311
11110	0,235697
11111	0,236438
11112	0,238065
11113	0,239498
11114	0,241769
11115	0,245812
11116	0,249259
11117	0,253221
11118	0,257344
11119	0,26187
11120	0,267056
11121	0,271019
11122	0,275303
11123	0,279571
11124	0,283098
11125	0,287173
11126	0,29054
11127	0,2931
11128	0,294325
11129	0,295001
11130	0,296322
11131	0,295967
11132	0,29513
11133	0,293535
11134	0,291409
11135	0,289332
11136	0,28603
11137	0,282486
11138	0,27875
11139	0,274143
11140	0,269601
11141	0,26485
11142	0,260404
11143	0,256458
11144	0,252174
11145	0,248228
11146	0,244556
11147	0,241995
11148	0,239434
11149	0,237517
11150	0,236599
11151	0,235262
11152	0,235923
11153	0,237179
11154	0,237984
11155	0,240497
11156	0,24338
11157	0,246746
11158	0,24979
11159	0,253833
11160	0,25794
11161	0,262724
11162	0,267346
11163	0,271437
11164	0,275867
11165	0,280006
11166	0,283727
11167	0,287818
11168	0,289831
11169	0,292698
11170	0,293874
11171	0,294808
11172	0,295887
11173	0,295243
11174	0,295323
11175	0,293568
11176	0,291152
11177	0,288929
11178	0,285128
11179	0,28189
11180	0,278299
11181	0,273547
11182	0,268909
11183	0,264995
11184	0,260614
11185	0,255959
11186	0,252673
11187	0,249017
11188	0,244942
11189	0,242075
11190	0,239595
11191	0,238306
11192	0,236857
11193	0,237131
11194	0,237356
11195	0,23771
11196	0,239611
11197	0,241576
11198	0,243525
11199	0,247519
11200	0,25095
11201	0,254509
11202	0,259035
11203	0,263271
11204	0,268554
11205	0,272516
11206	0,275947
11207	0,280231
11208	0,283823
11209	0,287447
11210	0,290298
11211	0,29244
11212	0,294228
11213	0,295468
11214	0,296612
11215	0,294824
11216	0,294743
11217	0,29331
11218	0,290717
11219	0,288204
11220	0,285353
11221	0,281858
11222	0,278057
11223	0,273402
11224	0,269392
11225	0,264946
11226	0,260904
11227	0,256555
11228	0,252496
11229	0,248985
11230	0,245731
11231	0,243348
11232	0,240481
11233	0,238918
11234	0,237984
11235	0,238129
11236	0,237823
11237	0,238854
11238	0,240239
11239	0,242397
11240	0,245409
11241	0,248614
11242	0,252061
11243	0,25575
11244	0,260082
11245	0,264141
11246	0,26907
11247	0,273386
11248	0,277316
11249	0,28086
11250	0,284145
11251	0,288285
11252	0,290169
11253	0,292408
11254	0,293938
11255	0,294518
11256	0,295162
11257	0,295355
11258	0,29339
11259	0,29273
11260	0,289621
11261	0,288043
11262	0,284145
11263	0,28057
11264	0,276736
11265	0,272468
11266	0,268506
11267	0,264189
11268	0,260131
11269	0,256442
11270	0,252367
11271	0,248985
11272	0,245844
11273	0,24346
11274	0,241109
11275	0,23945
11276	0,239063
11277	0,238934
11278	0,239047
11279	0,240674
11280	0,242107
11281	0,244411
11282	0,247165
11283	0,250225
11284	0,25372
11285	0,257666
11286	0,261484
11287	0,265317
11288	0,27039
11289	0,273692
11290	0,278009
11291	0,281713
11292	0,2845
11293	0,288333
11294	0,290153
11295	0,292166
11296	0,293471
11297	0,294115
11298	0,294357
11299	0,2936
11300	0,292682
11301	0,291007
11302	0,288462
11303	0,285708
11304	0,283243
11305	0,279458
11306	0,275561
11307	0,271776
11308	0,267588
11309	0,263771
11310	0,259631
11311	0,255508
11312	0,252367
11313	0,249049
11314	0,246392
11315	0,243847
11316	0,241656
11317	0,241028
11318	0,240304
11319	0,240287
11320	0,241028
11321	0,242333
11322	0,24375
11323	0,246666
11324	0,249065
11325	0,252577
11326	0,255621
11327	0,259277
11328	0,262611
11329	0,26733
11330	0,271244
11331	0,275673
11332	0,278943
11333	0,282615
11334	0,285788
11335	0,288317
11336	0,29004
11337	0,292537
11338	0,29331
11339	0,293342
11340	0,294212
11341	0,293326
11342	0,292456
11343	0,290298
11344	0,28793
11345	0,285015
11346	0,281955
11347	0,278073
11348	0,274852
11349	0,270986
11350	0,266428
11351	0,262933
11352	0,259631
11353	0,255653
11354	0,252271
11355	0,249404
11356	0,246875
11357	0,245329
11358	0,243686
11359	0,241834
11360	0,241866
11361	0,241979
11362	0,243283
11363	0,24433
11364	0,246102
11365	0,248405
11366	0,251111
11367	0,254381
11368	0,257811
11369	0,261274
11370	0,26514
11371	0,268764
11372	0,273177
11373	0,275867
11374	0,279619
11375	0,283131
11376	0,285144
11377	0,288333
11378	0,289702
11379	0,29091
11380	0,291925
11381	0,291957
11382	0,292505
11383	0,29033
11384	0,289332
11385	0,287544
11386	0,284935
11387	0,282486
11388	0,279474
11389	0,276237
11390	0,272533
11391	0,268892
11392	0,264528
11393	0,261339
11394	0,257747
11395	0,254815
11396	0,251836
11397	0,249742
11398	0,247648
11399	0,246102
11400	0,244717
11401	0,243509
11402	0,242929
11403	0,244072
11404	0,245442
11405	0,246601
11406	0,248518
11407	0,250918
11408	0,253527
11409	0,257151
11410	0,259068
11411	0,262965
11412	0,266654
11413	0,26973
11414	0,273386
11415	0,276994
11416	0,28007
11417	0,282825
11418	0,284757
11419	0,287206
11420	0,288269
11421	0,289541
11422	0,28996
11423	0,290089
11424	0,289895
11425	0,288236
11426	0,28764
11427	0,285933
11428	0,28363
11429	0,280634
11430	0,277075
11431	0,274272
11432	0,271115
11433	0,267588
11434	0,264495
11435	0,260968
11436	0,258472
11437	0,255283
11438	0,252834
11439	0,250837
11440	0,24847
11441	0,247358
11442	0,246215
11443	0,245876
11444	0,246311
11445	0,246537
11446	0,248389
11447	0,248759
11448	0,250885
11449	0,253028
11450	0,255428
11451	0,25852
11452	0,261999
11453	0,265397
11454	0,268538
11455	0,27147
11456	0,275271
11457	0,277606
11458	0,28057
11459	0,282728
11460	0,284435
11461	0,286432
11462	0,288236
11463	0,288977
11464	0,288945
11465	0,288687
11466	0,289026
11467	0,286851
11468	0,286094
11469	0,283823
11470	0,281504
11471	0,279152
11472	0,27643
11473	0,274047
11474	0,270632
11475	0,267362
11476	0,264222
11477	0,261097
11478	0,258826
11479	0,255653
11480	0,253624
11481	0,251997
11482	0,250177
11483	0,249049
11484	0,24855
11485	0,248453
11486	0,248437
11487	0,248727
11488	0,250612
11489	0,251932
11490	0,253913
11491	0,256185
11492	0,25852
11493	0,261355
11494	0,263916
11495	0,266654
11496	0,269102
11497	0,272468
11498	0,275706
11499	0,277848
11500	0,280457
11501	0,282792
11502	0,284564
11503	0,285917
11504	0,286835
11505	0,287206
11506	0,287512
11507	0,287624
11508	0,28661
11509	0,285998
11510	0,284322
11511	0,282583
11512	0,2797
11513	0,277493
11514	0,2749
11515	0,272516
11516	0,269569
11517	0,266638
11518	0,264592
11519	0,261403
11520	0,259293
11521	0,256571
11522	0,254783
11523	0,252995
11524	0,251771
11525	0,251095
11526	0,250918
11527	0,250869
11528	0,251401
11529	0,251852
11530	0,25285
11531	0,254397
11532	0,256088
11533	0,257972
11534	0,259792
11535	0,263078
11536	0,265365
11537	0,268216
11538	0,270036
11539	0,273225
11540	0,275657
11541	0,27759
11542	0,280006
11543	0,281391
11544	0,282647
11545	0,284403
11546	0,285031
11547	0,285579
11548	0,285563
11549	0,285418
11550	0,284532
11551	0,283598
11552	0,281826
11553	0,280054
11554	0,277687
11555	0,275947
11556	0,273885
11557	0,271904
11558	0,269005
11559	0,266895
11560	0,264367
11561	0,261467
11562	0,259454
11563	0,257988
11564	0,256394
11565	0,254783
11566	0,253704
11567	0,25372
11568	0,252963
11569	0,252657
11570	0,253173
11571	0,253769
11572	0,255218
11573	0,256474
11574	0,258762
11575	0,259808
11576	0,262321
11577	0,264737
11578	0,266783
11579	0,269199
11580	0,271357
11581	0,273177
11582	0,275883
11583	0,277815
11584	0,279378
11585	0,281359
11586	0,282261
11587	0,283678
11588	0,283018
11589	0,283743
11590	0,283888
11591	0,283034
11592	0,282486
11593	0,281874
11594	0,280409
11595	0,27846
11596	0,277091
11597	0,275399
11598	0,273193
11599	0,270841
11600	0,269327
11601	0,266525
11602	0,264979
11603	0,263384
11604	0,261773
11605	0,259647
11606	0,258713
11607	0,257409
11608	0,256426
11609	0,256185
11610	0,255605
11611	0,255669
11612	0,256249
11613	0,256829
11614	0,258439
11615	0,258923
11616	0,260469
11617	0,261628
11618	0,263577
11619	0,265832
11620	0,267862
11621	0,269859
11622	0,271921
11623	0,274143
11624	0,275706
11625	0,276994
11626	0,278959
11627	0,279974
11628	0,280586
11629	0,281794
11630	0,282068
11631	0,282857
11632	0,282229
11633	0,281907
11634	0,281971
11635	0,279909
11636	0,279104
11637	0,277509
11638	0,276173
11639	0,274159
11640	0,272855
11641	0,271196
11642	0,268876
11643	0,266766
11644	0,265301
11645	0,26361
11646	0,262096
11647	0,260646
11648	0,259905
11649	0,259164
11650	0,258504
11651	0,257908
11652	0,257554
11653	0,257876
11654	0,257811
11655	0,258149
11656	0,259293
11657	0,260694
11658	0,261902
11659	0,263255
11660	0,264592
11661	0,267121
11662	0,268168
11663	0,269553
11664	0,271341
11665	0,272613
11666	0,274707
11667	0,275609
11668	0,277397
11669	0,278009
11670	0,279362
11671	0,279974
11672	0,279925
11673	0,280086
11674	0,279716
11675	0,279072
11676	0,279201
11677	0,277832
11678	0,277687
11679	0,276173
11680	0,274932
11681	0,273692
11682	0,271969
11683	0,270342
11684	0,26915
11685	0,267588
11686	0,266219
11687	0,264898
11688	0,263899
11689	0,262418
11690	0,261628
11691	0,260565
11692	0,259825
11693	0,259953
11694	0,260066
11695	0,259873
11696	0,260147
11697	0,260888
11698	0,26216
11699	0,261854
11700	0,263481
11701	0,264495
11702	0,265929
11703	0,267604
11704	0,269215
11705	0,270084
11706	0,271953
11707	0,272887
11708	0,275013
11709	0,275544
11710	0,276253
11711	0,277509
11712	0,277832
11713	0,278717
11714	0,278589
11715	0,279394
11716	0,279088
11717	0,27846
11718	0,277912
11719	0,277348
11720	0,276495
11721	0,276237
11722	0,27519
11723	0,273708
11724	0,27308
11725	0,271921
11726	0,269666
11727	0,268892
11728	0,267733
11729	0,266444
11730	0,265349
11731	0,264157
11732	0,264109
11733	0,263513
11734	0,262772
11735	0,263529
11736	0,26253
11737	0,262418
11738	0,26253
11739	0,262836
11740	0,263867
11741	0,26427
11742	0,265107
11743	0,266251
11744	0,267427
11745	0,268909
11746	0,269472
11747	0,27089
11748	0,271598
11749	0,272452
11750	0,274208
11751	0,274965
11752	0,275995
11753	0,276656
11754	0,277509
11755	0,27825
11756	0,278025
11757	0,278202
11758	0,278315
11759	0,277944
11760	0,277654
11761	0,27722
11762	0,277187
11763	0,276092
11764	0,275222
11765	0,274449
11766	0,273241
11767	0,272484
11768	0,270874
11769	0,270439
11770	0,269295
11771	0,268345
11772	0,267378
11773	0,266154
11774	0,265349
11775	0,265156
11776	0,264705
11777	0,264866
11778	0,263851
11779	0,264302
11780	0,264592
11781	0,265156
11782	0,265816
11783	0,265285
11784	0,266235
11785	0,266573
11786	0,267411
11787	0,268425
11788	0,269907
11789	0,270906
11790	0,272017
11791	0,272404
11792	0,273998
11793	0,27432
11794	0,275077
11795	0,276221
11796	0,276205
11797	0,276591
11798	0,277268
11799	0,277735
11800	0,277268
11801	0,277091
11802	0,277638
11803	0,277026
11804	0,27614
11805	0,275238
11806	0,274546
11807	0,274256
11808	0,272919
11809	0,272678
11810	0,271389
11811	0,270745
11812	0,268925
11813	0,26878
11814	0,268393
11815	0,267459
11816	0,266444
11817	0,265816
11818	0,265784
11819	0,265703
11820	0,264882
11821	0,265059
11822	0,264721
11823	0,264769
11824	0,265816
11825	0,26609
11826	0,266299
11827	0,267572
11828	0,267491
11829	0,268796
11830	0,269295
11831	0,269859
11832	0,270487
11833	0,270938
11834	0,272533
11835	0,272565
11836	0,274063
11837	0,274771
11838	0,274916
11839	0,276108
11840	0,275528
11841	0,276463
11842	0,276076
11843	0,275995
11844	0,276479
11845	0,275979
11846	0,27606
11847	0,275303
11848	0,275158
11849	0,274498
11850	0,273096
11851	0,272919
11852	0,272017
11853	0,271276
11854	0,270729
11855	0,269827
11856	0,269811
11857	0,268586
11858	0,267717
11859	0,266799
11860	0,266589
11861	0,266412
11862	0,265977
11863	0,265864
11864	0,265607
11865	0,265993
11866	0,266283
11867	0,266364
11868	0,266638
11869	0,266783
11870	0,267507
11871	0,268377
11872	0,269182
11873	0,269746
11874	0,27068
11875	0,270986
11876	0,272275
11877	0,272436
11878	0,27366
11879	0,274288
11880	0,274642
11881	0,275561
11882	0,276205
11883	0,276253
11884	0,276463
11885	0,276511
11886	0,27701
11887	0,275995
11888	0,276285
11889	0,275915
11890	0,275609
11891	0,275351
11892	0,274546
11893	0,274868
11894	0,273579
11895	0,27242
11896	0,271631
11897	0,270745
11898	0,271019
11899	0,269988
11900	0,269021
11901	0,268892
11902	0,267958
11903	0,267894
11904	0,267604
11905	0,267491
11906	0,266911
11907	0,266734
11908	0,267217
11909	0,267572
11910	0,267846
11911	0,268458
11912	0,268474
11913	0,269456
11914	0,269553
11915	0,27031
11916	0,270519
11917	0,271614
11918	0,272742
11919	0,273467
11920	0,274079
11921	0,274642
11922	0,275834
11923	0,276752
11924	0,276946
11925	0,276978
11926	0,277509
11927	0,277671
11928	0,277735
11929	0,27722
11930	0,277574
11931	0,277509
11932	0,276994
11933	0,276028
11934	0,275834
11935	0,276028
11936	0,274997
11937	0,274063
11938	0,273402
11939	0,272291
11940	0,271743
11941	0,271099
11942	0,270632
11943	0,269456
11944	0,268619
11945	0,268538
11946	0,267797
11947	0,26762
11948	0,267153
11949	0,267314
11950	0,267572
11951	0,26696
11952	0,267765
11953	0,267733
11954	0,268055
11955	0,268957
11956	0,269182
11957	0,270245
11958	0,270374
11959	0,271453
11960	0,272549
11961	0,27213
11962	0,273515
11963	0,273982
11964	0,274981
11965	0,276334
11966	0,276897
11967	0,276463
11968	0,277058
11969	0,277284
11970	0,277397
11971	0,277397
11972	0,277316
11973	0,277332
11974	0,276624
11975	0,276656
11976	0,276044
11977	0,275287
11978	0,27461
11979	0,273418
11980	0,272887
11981	0,271953
11982	0,271308
11983	0,270954
11984	0,270084
11985	0,26944
11986	0,269005
11987	0,269166
11988	0,268023
11989	0,267491
11990	0,266944
11991	0,267072
11992	0,266944
11993	0,267185
11994	0,267523
11995	0,268119
11996	0,267974
11997	0,269263
11998	0,269102
11999	0,270068
12000	0,270713
12001	0,271051
12002	0,272629
12003	0,272806
12004	0,274369
12005	0,274997
12006	0,275512
12007	0,276318
12008	0,276575
12009	0,277252
12010	0,277719
12011	0,277864
12012	0,27788
12013	0,278331
12014	0,278331
12015	0,278186
12016	0,277477
12017	0,277171
12018	0,276205
12019	0,276334
12020	0,275077
12021	0,274804
12022	0,273757
12023	0,27308
12024	0,272549
12025	0,271421
12026	0,271131
12027	0,269988
12028	0,268941
12029	0,268876
12030	0,2682
12031	0,268087
12032	0,26762
12033	0,267701
12034	0,267813
12035	0,266895
12036	0,267636
12037	0,267701
12038	0,268007
12039	0,268635
12040	0,269746
12041	0,271035
12042	0,271212
12043	0,272484
12044	0,273579
12045	0,273934
12046	0,274916
12047	0,274997
12048	0,276253
12049	0,276994
12050	0,277767
12051	0,278283
12052	0,27854
12053	0,278653
12054	0,278138
12055	0,278395
12056	0,279136
12057	0,278734
12058	0,27825
12059	0,277622
12060	0,277558
12061	0,277236
12062	0,276092
12063	0,275399
12064	0,274578
12065	0,27366
12066	0,272967
12067	0,272146
12068	0,271598
12069	0,270294
12070	0,270326
12071	0,269762
12072	0,268892
12073	0,268828
12074	0,268184
12075	0,267491
12076	0,268264
12077	0,268232
12078	0,26907
12079	0,268941
12080	0,26944
12081	0,270117
12082	0,270407
12083	0,271389
12084	0,271743
12085	0,272452
12086	0,273322
12087	0,274498
12088	0,275528
12089	0,276446
12090	0,277284
12091	0,277799
12092	0,278234
12093	0,27883
12094	0,279797
12095	0,279748
12096	0,279764
12097	0,27999
12098	0,280183
12099	0,279619
12100	0,279168
12101	0,277864
12102	0,277896
12103	0,277461
12104	0,276688
12105	0,27577
12106	0,275689
12107	0,273741
12108	0,274224
12109	0,272839
12110	0,271582
12111	0,27097
12112	0,270535
12113	0,269891
12114	0,27002
12115	0,269714
12116	0,268796
12117	0,269005
12118	0,268828
12119	0,268796
12120	0,268941
12121	0,26936
12122	0,269279
12123	0,270696
12124	0,271308
12125	0,272194
12126	0,272742
12127	0,273451
12128	0,274723
12129	0,275528
12130	0,27635
12131	0,277252
12132	0,277526
12133	0,278669
12134	0,279185
12135	0,279104
12136	0,279474
12137	0,279668
12138	0,279861
12139	0,279329
12140	0,279201
12141	0,279104
12142	0,279088
12143	0,278621
12144	0,277751
12145	0,277461
12146	0,276012
12147	0,275238
12148	0,274578
12149	0,273628
12150	0,272613
12151	0,271888
12152	0,27118
12153	0,270922
12154	0,269891
12155	0,270133
12156	0,268941
12157	0,268586
12158	0,268619
12159	0,26849
12160	0,26849
12161	0,269263
12162	0,269311
12163	0,269488
12164	0,269891
12165	0,270745
12166	0,271083
12167	0,271792
12168	0,27221
12169	0,273386
12170	0,274111
12171	0,275577
12172	0,27606
12173	0,276978
12174	0,277058
12175	0,277848
12176	0,278218
12177	0,278363
12178	0,278621
12179	0,278701
12180	0,278782
12181	0,278685
12182	0,279136
12183	0,278524
12184	0,277896
12185	0,277445
12186	0,27643
12187	0,276382
12188	0,275335
12189	0,274723
12190	0,27432
12191	0,272919
12192	0,272951
12193	0,271341
12194	0,270986
12195	0,270326
12196	0,269714
12197	0,269376
12198	0,269054
12199	0,269231
12200	0,268586
12201	0,268844
12202	0,269134
12203	0,269488
12204	0,269633
12205	0,270004
12206	0,269505
12207	0,271373
12208	0,272017
12209	0,273
12210	0,273563
12211	0,274514
12212	0,275416
12213	0,275931
12214	0,276463
12215	0,276704
12216	0,277848
12217	0,278299
12218	0,278605
12219	0,279491
12220	0,27912
12221	0,279249
12222	0,279072
12223	0,278766
12224	0,279635
12225	0,279329
12226	0,278105
12227	0,277558
12228	0,277364
12229	0,2773
12230	0,275689
12231	0,27548
12232	0,274385
12233	0,273451
12234	0,273032
12235	0,272758
12236	0,272194
12237	0,271147
12238	0,27118
12239	0,271051
12240	0,270197
12241	0,270165
12242	0,270213
12243	0,270197
12244	0,270439
12245	0,270374
12246	0,271035
12247	0,271631
12248	0,272146
12249	0,272774
12250	0,27366
12251	0,27424
12252	0,274868
12253	0,275609
12254	0,276672
12255	0,277252
12256	0,278395
12257	0,278895
12258	0,279136
12259	0,280167
12260	0,279458
12261	0,280215
12262	0,280119
12263	0,280328
12264	0,281053
12265	0,280006
12266	0,280328
12267	0,279233
12268	0,278685
12269	0,278782
12270	0,277977
12271	0,277236
12272	0,277058
12273	0,276446
12274	0,275222
12275	0,274723
12276	0,274401
12277	0,273386
12278	0,273241
12279	0,271759
12280	0,271872
12281	0,271486
12282	0,271421
12283	0,271582
12284	0,271598
12285	0,271147
12286	0,271953
12287	0,271502
12288	0,272436
12289	0,2725
12290	0,272742
12291	0,273982
12292	0,274723
12293	0,275432
12294	0,275641
12295	0,276656
12296	0,277574
12297	0,277864
12298	0,278492
12299	0,278846
12300	0,279442
12301	0,279909
12302	0,280038
12303	0,280618
12304	0,280586
12305	0,280876
12306	0,280312
12307	0,280103
12308	0,28028
12309	0,279523
12310	0,279104
12311	0,278911
12312	0,278444
12313	0,27788
12314	0,276978
12315	0,276752
12316	0,275625
12317	0,274755
12318	0,274884
12319	0,273902
12320	0,273467
12321	0,273322
12322	0,273128
12323	0,272871
12324	0,272371
12325	0,272694
12326	0,272065
12327	0,271614
12328	0,273064
12329	0,272839
12330	0,273096
12331	0,274079
12332	0,274884
12333	0,27606
12334	0,275432
12335	0,275995
12336	0,276543
12337	0,277252
12338	0,277703
12339	0,277558
12340	0,279362
12341	0,279217
12342	0,280183
12343	0,280344
12344	0,279845
12345	0,280409
12346	0,280602
12347	0,280779
12348	0,280618
12349	0,280119
12350	0,280296
12351	0,279217
12352	0,27904
12353	0,278428
12354	0,277848
12355	0,277783
12356	0,276785
12357	0,276157
12358	0,27585
12359	0,27548
12360	0,275142
12361	0,274256
12362	0,273982
12363	0,273225
12364	0,272774
12365	0,273273
12366	0,273112
12367	0,273032
12368	0,27329
12369	0,273386
12370	0,274417
12371	0,273724
12372	0,274014
12373	0,274401
12374	0,274626
12375	0,275673
12376	0,275834
12377	0,276849
12378	0,277187
12379	0,277944
12380	0,27825
12381	0,27825
12382	0,279088
12383	0,279201
12384	0,278975
12385	0,279619
12386	0,279958
12387	0,280602
12388	0,280086
12389	0,279861
12390	0,279893
12391	0,279474
12392	0,279249
12393	0,279394
12394	0,278701
12395	0,278428
12396	0,27759
12397	0,278009
12398	0,277236
12399	0,276511
12400	0,275899
12401	0,275512
12402	0,275255
12403	0,274594
12404	0,274465
12405	0,274208
12406	0,274192
12407	0,27453
12408	0,273757
12409	0,274111
12410	0,273628
12411	0,273612
12412	0,274916
12413	0,274868
12414	0,275641
12415	0,275544
12416	0,275931
12417	0,276543
12418	0,276962
12419	0,277397
12420	0,278089
12421	0,277703
12422	0,27825
12423	0,27912
12424	0,279539
12425	0,279668
12426	0,279716
12427	0,279136
12428	0,279523
12429	0,279958
12430	0,280006
12431	0,280312
12432	0,279813
12433	0,279523
12434	0,280103
12435	0,279007
12436	0,278605
12437	0,278105
12438	0,277912
12439	0,277364
12440	0,277107
12441	0,276527
12442	0,276237
12443	0,275673
12444	0,276076
12445	0,275448
12446	0,274836
12447	0,274932
12448	0,274691
12449	0,274578
12450	0,27453
12451	0,274417
12452	0,274449
12453	0,274884
12454	0,275206
12455	0,274836
12456	0,275738
12457	0,275238
12458	0,275738
12459	0,275995
12460	0,276301
12461	0,277171
12462	0,277058
12463	0,277574
12464	0,278476
12465	0,277574
12466	0,278846
12467	0,278701
12468	0,278943
12469	0,278701
12470	0,279023
12471	0,279217
12472	0,279056
12473	0,278959
12474	0,278959
12475	0,278444
12476	0,278299
12477	0,277815
12478	0,277944
12479	0,277606
12480	0,277654
12481	0,277075
12482	0,276672
12483	0,276446
12484	0,275963
12485	0,275593
12486	0,275834
12487	0,275319
12488	0,27511
12489	0,275077
12490	0,274578
12491	0,275496
12492	0,275174
12493	0,275287
12494	0,274836
12495	0,274707
12496	0,275496
12497	0,275899
12498	0,276237
12499	0,276285
12500	0,276318
12501	0,276511
12502	0,277203
12503	0,27722
12504	0,277187
12505	0,277461
12506	0,277912
12507	0,278524
12508	0,278444
12509	0,278734
12510	0,278508
12511	0,278589
12512	0,278927
12513	0,279362
12514	0,279233
12515	0,279088
12516	0,278395
12517	0,27883
12518	0,279023
12519	0,278331
12520	0,278363
12521	0,277864
12522	0,277348
12523	0,277638
12524	0,277461
12525	0,276897
12526	0,276881
12527	0,275963
12528	0,276849
12529	0,276012
12530	0,275963
12531	0,275335
12532	0,27577
12533	0,276205
12534	0,276044
12535	0,276366
12536	0,276012
12537	0,276398
12538	0,276801
12539	0,275947
12540	0,276769
12541	0,276946
12542	0,276575
12543	0,277107
12544	0,277735
12545	0,278025
12546	0,27759
12547	0,278299
12548	0,278798
12549	0,278411
12550	0,278911
12551	0,278637
12552	0,278814
12553	0,278798
12554	0,279168
12555	0,279136
12556	0,279023
12557	0,278701
12558	0,27817
12559	0,278572
12560	0,278041
12561	0,278927
12562	0,278428
12563	0,278331
12564	0,278524
12565	0,278701
12566	0,277574
12567	0,277848
12568	0,27759
12569	0,277123
12570	0,277364
12571	0,277284
12572	0,277381
12573	0,277429
12574	0,276978
12575	0,277316
12576	0,276897
12577	0,277026
12578	0,277236
12579	0,276575
12580	0,277171
12581	0,277509
12582	0,278138
12583	0,277574
12584	0,277316
12585	0,278009
12586	0,277848
12587	0,278556
12588	0,278105
12589	0,278814
12590	0,278927
12591	0,278927
12592	0,278959
12593	0,279442
12594	0,279249
12595	0,27978
12596	0,278927
12597	0,279587
12598	0,279668
12599	0,279313
12600	0,279007
12601	0,27904
12602	0,27904
12603	0,279265
12604	0,279056
12605	0,27875
12606	0,278717
12607	0,278411
12608	0,27846
12609	0,278395
12610	0,278202
12611	0,278444
12612	0,278379
12613	0,278121
12614	0,278138
12615	0,277848
12616	0,277896
12617	0,27817
12618	0,277848
12619	0,278089
12620	0,277719
12621	0,277928
12622	0,278331
12623	0,277944
12624	0,278073
12625	0,277912
12626	0,277832
12627	0,27854
12628	0,278379
12629	0,278701
12630	0,279233
12631	0,278798
12632	0,279555
12633	0,27875
12634	0,278975
12635	0,279297
12636	0,278814
12637	0,279152
12638	0,27941
12639	0,279861
12640	0,278846
12641	0,279056
12642	0,278959
12643	0,278911
12644	0,279507
12645	0,279732
12646	0,2797
12647	0,27941
12648	0,279394
12649	0,279442
12650	0,279217
12651	0,279088
12652	0,27875
12653	0,279023
12654	0,279152
12655	0,278991
12656	0,279474
12657	0,278846
12658	0,278975
12659	0,279313
12660	0,279265
12661	0,278846
12662	0,279265
12663	0,279281
12664	0,279684
12665	0,2797
12666	0,279797
12667	0,279877
12668	0,279974
12669	0,279748
12670	0,279974
12671	0,280441
12672	0,279571
12673	0,280086
12674	0,27999
12675	0,2797
12676	0,279732
12677	0,280441
12678	0,280199
12679	0,280119
12680	0,279458
12681	0,280038
12682	0,279942
12683	0,279893
12684	0,280457
12685	0,280312
12686	0,28057
12687	0,280038
12688	0,280022
12689	0,279394
12690	0,279458
12691	0,279603
12692	0,279442
12693	0,279362
12694	0,280054
12695	0,279764
12696	0,280586
12697	0,279668
12698	0,280103
12699	0,279684
12700	0,279748
12701	0,280231
12702	0,2797
12703	0,279925
12704	0,280038
12705	0,279635
12706	0,279974
12707	0,279362
12708	0,280215
12709	0,279893
12710	0,279426
12711	0,279426
12712	0,279716
12713	0,280199
12714	0,279797
12715	0,279797
12716	0,279603
12717	0,279249
12718	0,279233
12719	0,278911
12720	0,279104
12721	0,279539
12722	0,278959
12723	0,279523
12724	0,279313
12725	0,279297
12726	0,279072
12727	0,27875
12728	0,278669
12729	0,278991
12730	0,279362
12731	0,279716
12732	0,279185
12733	0,279507
12734	0,27904
12735	0,279426
12736	0,279168
12737	0,279168
12738	0,27941
12739	0,2797
12740	0,279007
12741	0,279716
12742	0,279023
12743	0,279974
12744	0,279507
12745	0,279587
12746	0,279797
12747	0,279104
12748	0,279797
12749	0,279797
12750	0,279716
12751	0,278975
12752	0,279925
12753	0,279474
12754	0,279426
12755	0,279297
12756	0,279394
12757	0,279088
12758	0,279861
12759	0,279281
12760	0,279797
12761	0,279136
12762	0,279023
12763	0,278782
12764	0,278717
12765	0,279329
12766	0,278975
12767	0,27875
12768	0,278943
12769	0,279378
12770	0,279346
12771	0,279297
12772	0,278943
12773	0,278653
12774	0,279603
12775	0,279329
12776	0,279603
12777	0,279732
12778	0,280119
12779	0,279684
12780	0,280602
12781	0,280312
12782	0,279925
12783	0,279861
12784	0,279845
12785	0,279942
12786	0,280183
12787	0,280763
12788	0,280296
12789	0,279813
12790	0,28028
12791	0,280392
12792	0,280392
12793	0,28057
12794	0,280135
12795	0,280119
12796	0,280199
12797	0,280392
12798	0,279909
12799	0,280231
12800	0,280038
12801	0,279442
12802	0,280054
12803	0,279893
12804	0,279635
12805	0,279877
12806	0,279619
12807	0,27999
12808	0,279845
12809	0,279507
12810	0,279668
12811	0,279394
12812	0,279797
12813	0,279909
12814	0,279539
12815	0,279974
12816	0,279974
12817	0,280634
12818	0,280054
12819	0,280956
12820	0,279845
12821	0,279764
12822	0,28065
12823	0,280892
12824	0,280731
12825	0,281149
12826	0,281037
12827	0,281681
12828	0,280602
12829	0,281085
12830	0,280972
12831	0,281085
12832	0,280666
12833	0,281584
12834	0,281697
12835	0,281327
12836	0,280811
12837	0,28065
12838	0,280795
12839	0,280731
12840	0,28094
12841	0,280715
12842	0,280666
12843	0,280537
12844	0,280264
12845	0,279974
12846	0,279716
12847	0,279652
12848	0,279217
12849	0,279893
12850	0,279474
12851	0,279313
12852	0,279619
12853	0,278895
12854	0,280086
12855	0,279635
12856	0,279249
12857	0,279265
12858	0,278878
12859	0,279652
12860	0,28007
12861	0,280054
12862	0,279281
12863	0,279555
12864	0,280457
12865	0,280264
12866	0,280215
12867	0,280151
12868	0,27999
12869	0,28086
12870	0,280876
12871	0,28094
12872	0,280908
12873	0,280183
12874	0,281423
12875	0,280376
12876	0,280779
12877	0,280586
12878	0,280537
12879	0,280392
12880	0,280747
12881	0,280731
12882	0,280473
12883	0,28057
12884	0,279974
12885	0,279861
12886	0,280312
12887	0,279571
12888	0,279619
12889	0,27941
12890	0,279104
12891	0,279764
12892	0,278814
12893	0,278878
12894	0,278637
12895	0,278621
12896	0,278911
12897	0,279152
12898	0,278621
12899	0,278975
12900	0,279168
12901	0,279877
12902	0,27912
12903	0,27875
12904	0,279635
12905	0,279152
12906	0,279974
12907	0,279394
12908	0,280296
12909	0,280344
12910	0,28007
12911	0,28086
12912	0,280747
12913	0,280554
12914	0,280602
12915	0,280554
